Patient data for female individuals:
     age  sex  cp  trestbps  chol  fbs  restecg  thalach  exang  oldpeak  \
2     41    0   1       130   204    0        0      172      0      1.4   
4     57    0   0       120   354    0        1      163      1      0.6   
6     56    0   1       140   294    0        0      153      0      1.3   
11    48    0   2       130   275    0        1      139      0      0.2   
14    58    0   3       150   283    1        0      162      0      1.0   
..   ...  ...  ..       ...   ...  ...      ...      ...    ...      ...   
289   55    0   0       128   205    0        2      130      1      2.0   
292   58    0   0       170   225    1        0      146      1      2.8   
296   63    0   0       124   197    0        1      136      1      0.0   
298   57    0   0       140   241    0        1      123      1      0.2   
302   57    0   1       130   236    0        0      174      0      0.0   

     slope  ca  thal  target  
2        2   0     2       1  
4        2   0     2       1  
6        1   0     2       1  
11       2   0     2       1  
14       2   0     2       1  
..     ...  ..   ...     ...  
289      1   1     3       0  
292      1   2     1       0  
296      1   0     2       0  
298      1   0     3       0  
302      1   1     2       0  

[96 rows x 14 columns]