Patient data for individuals above the age of 60:
     age  sex  cp  trestbps  chol  fbs  restecg  thalach  exang  oldpeak  \
0     63    1   3       145   233    1        0      150      0      2.3   
13    64    1   3       110   211    0        0      144      1      1.8   
17    66    0   3       150   226    0        1      114      0      2.6   
19    69    0   3       140   239    0        1      151      0      1.8   
23    61    1   2       150   243    1        1      137      1      1.0   
..   ...  ...  ..       ...   ...  ...      ...      ...    ...      ...   
290   61    1   0       148   203    0        1      161      0      0.0   
293   67    1   2       152   212    0        0      150      0      0.8   
295   63    1   0       140   187    0        0      144      1      4.0   
296   63    0   0       124   197    0        1      136      1      0.0   
300   68    1   0       144   193    1        1      141      0      3.4   

     slope  ca  thal  target  
0        0   0     1       1  
13       1   0     2       1  
17       0   0     2       1  
19       2   2     2       1  
23       1   0     2       1  
..     ...  ..   ...     ...  
290      2   1     3       0  
293      1   0     3       0  
295      2   2     3       0  
296      1   0     2       0  
300      1   2     3       0  

[79 rows x 14 columns]