Patient data for individuals in target range:
     age  sex  cp  trestbps  chol  fbs  restecg  thalach  exang  oldpeak  \
0     63    1   3       145   233    1        0      150      0      2.3   
1     37    1   2       130   250    0        1      187      0      3.5   
2     41    0   1       130   204    0        0      172      0      1.4   
3     56    1   1       120   236    0        1      178      0      0.8   
4     57    0   0       120   354    0        1      163      1      0.6   
..   ...  ...  ..       ...   ...  ...      ...      ...    ...      ...   
160   56    1   1       120   240    0        1      169      0      0.0   
161   55    0   1       132   342    0        1      166      0      1.2   
162   41    1   1       120   157    0        1      182      0      0.0   
163   38    1   2       138   175    0        1      173      0      0.0   
164   38    1   2       138   175    0        1      173      0      0.0   

     slope  ca  thal  target  
0        0   0     1       1  
1        0   0     2       1  
2        2   0     2       1  
3        2   0     2       1  
4        2   0     2       1  
..     ...  ..   ...     ...  
160      0   0     2       1  
161      2   0     2       1  
162      2   0     2       1  
163      2   4     2       1  
164      2   4     2       1  

[165 rows x 14 columns]